tree
version=v4
num_class=1
num_tree_per_iteration=1
label_index=0
max_feature_idx=38
objective=lambdarank
feature_names=time_dev_last1 time_dev_last2 time_dev_last3 time_dev_last4 time_dev_last5 last3f_dev_last1 last3f_dev_last2 last3f_dev_last3 last3f_dev_last4 last3f_dev_last5 last3f_dev_mean_5 running_style_last1 running_style_mode running_style_mode_win_rate running_style_last1_win_rate jockey_place_rate_surface_distance jockey_rides_surface_distance is_jockey_change finish_pos_best_last5 racecourse_encoded surface_encoded going_encoded race_class_encoded distance sex age horse_weight weight_change bracket_number horse_number days_since_last_race time_dev_trend_3races last3f_dev_trend_3races time_dev_improvement last3f_dev_improvement is_after_long_rest is_consecutive_race is_debut rest_period_category
feature_infos=[-15.183530127475445:8.0053894574579481] [-15.183530127475445:8.0053894574579481] [-15.183530127475445:8.0053894574579481] [-15.183530127475445:8.0053894574579481] [-15.183530127475445:8.0053894574579481] [-33.738245845812557:2.7501384186779236] [-33.738245845812557:2.7501384186779236] [-33.738245845812557:2.6493184014088125] [-33.738245845812557:2.6487800523273086] [-33.738245845812557:2.7450263625278577] [-6.5171821129360392:2.1368239772441102] [0:3] [0:3] [0:0.31034482758620691] [0:0.31034482758620691] [0:1] [0:1066] [0:1] [1:999] [0:9] [0:2] [0:2] [3:8] [1000:4250] [1:3] [2:12] [336:630] [-46:66] [1:8] [1:18] [0:1421] [-8.1711418801406257:8.0421655882308247] [-17.385911797385887:17.301815235840007] [-15.526864212261891:15.295721846393601] [-35.374710863777715:34.314001236952492] [0:1] [0:1] [0:1] [0:5]
tree_sizes=3515 3509 3543 3537 3529 3529 3531 3529 3525 3520 3534 3536 3543 3511 3511 3534 3533 3542

Tree=0
num_leaves=31
num_cat=0
split_feature=18 18 5 18 5 18 18 10 18 26 32 7 10 16 16 18 10 5 18 18 6 10 26 6 31 30 7 26 16 30
split_gain=1210.5 312.773 221.289 174.311 74.8742 59.795 52.8296 51.6927 43.2889 40.8871 37.432 36.9728 34.5915 34.4145 33.0573 32.0516 31.3658 30.565 29.9708 25.5039 21.5982 21.2785 21.256 21.0158 19.3842 19.0388 17.9065 17.4617 16.049 15.9065
threshold=3.5000000000000004 508.50000000000006 -0.11396757449730903 6.5000000000000009 0.72485801655976734 1.5000000000000002 4.5000000000000009 0.072176825080380522 2.5000000000000004 449.00000000000006 -0.16054521067895597 -0.088452437375336077 0.078712572137503975 160.50000000000003 176.50000000000003 1.5000000000000002 1.0000000180025095e-35 -0.28030724340699759 2.5000000000000004 1.5000000000000002 0.45938225743243533 -0.013001204142584499 461.00000000000006 0.25307676870453838 0.018834782783001405 90.500000000000014 -0.87403404294431331 449.00000000000006 660.50000000000011 104.50000000000001
decision_type=2 2 2 2 2 2 2 2 2 2 2 2 2 2 2 2 2 2 2 2 2 2 2 2 2 2 2 2 2 2
left_child=2 3 15 6 5 20 10 21 -9 -5 -2 -8 19 22 -11 23 17 -13 29 27 -4 25 -3 -1 -12 -7 -16 -6 -19 -17
right_child=1 13 4 9 12 7 11 8 -10 14 24 16 -14 -15 26 18 -18 28 -20 -21 -22 -23 -24 -25 -26 -27 -28 -29 -30 -31
leaf_value=-0.030071751180681363 -0.041073161177259704 -0.040040832104491393 -0.00024687927167106702 -0.083367381610442437 -0.0040273101322980277 0.021905204054678284 -0.05829727800035385 0.021918915440472059 -0.015378548607975037 -0.070079388344648358 0.0014814024571221853 -0.042770885583344159 0.027209853630850253 0.0085818132535884651 -0.087761831155930753 0.016784830684334937 -0.051688307567176718 -0.012123571156961888 -0.012485151164544231 0.058959367372667826 0.015855250243334496 0.039753080818357593 -0.0017997273040216877 -0.005352144524700655 -0.022451899943939549 -0.06145254003790937 -0.03761041944494984 0.038882396993041017 0.049412113034037281 -0.024126295697470997
leaf_weight=169.81083180586575 111.83552363701165 67.117101568263024 461.21210488019278 167.09988522104686 27.466583862784319 139.11455439799465 167.46842864435166 253.8369269008399 112.17580695427023 182.5726644336828 215.81108064664295 100.53445942269173 883.00230805907631 449.07255427684868 19.394372988375835 254.26753079809714 118.52599817491136 160.44873565330636 196.96076327026822 179.25851029250771 379.69911199453054 449.50534206826705 79.238352271029726 174.16860208567232 139.15320542268455 7.2047229601303107 216.30612628761446 173.30927938036621 11.345004220260305 26.208148751175031
leaf_count=4583 3582 2395 10398 8219 611 2704 6203 4895 3287 8065 5357 3256 17402 10674 936 4842 4625 4401 5017 2226 7864 7023 2198 4052 4074 271 7768 2810 183 683
internal_value=0.000339602 -0.0292444 0.017128 -0.0406922 0.0233031 0.0167627 -0.0282619 0.0252772 0.010488 -0.0624605 -0.0158483 -0.0386406 0.0326383 0.00171948 -0.0541083 -0.00591934 -0.0302184 -0.020874 0.00246409 0.0452513 0.00702376 0.0343621 -0.0193367 -0.0175554 -0.00790094 0.0178007 -0.0417371 0.0330123 -0.00805985 0.012962
internal_weight=6093.12 2205.92 3887.2 1610.5 3065.79 1802.75 1025.12 961.837 366.013 585.373 466.8 558.323 1263.04 595.428 418.273 821.416 390.854 272.328 477.436 380.034 840.911 595.825 146.355 343.979 354.964 146.319 235.7 200.776 171.794 280.476
internal_count=150604 71936 78668 56669 59491 36442 31681 18180 8182 24988 13013 18668 23049 15267 16769 19177 12465 7840 10542 5647 18262 9998 4593 8635 9431 2975 8704 3421 4584 5525
is_linear=0
shrinkage=0.05


Tree=1
num_leaves=31
num_cat=0
split_feature=25 5 26 20 5 25 0 26 25 5 22 5 26 7 1 5 8 30 1 8 7 8 26 13 22 30 1 32 23 30
split_gain=769.88 697.841 302.731 230.431 170.299 147.729 126.638 119.745 110.731 91.0535 87.0478 85.7921 80.5321 78.2882 76.9473 68.0005 63.846 63.4086 62.7681 59.2866 57.9673 57.82 50.2438 48.7429 45.2519 142.301 51.2981 43.7532 43.244 42.1913
threshold=4.5000000000000009 -0.40667897877065728 455.00000000000006 1.5000000000000002 0.20113716425350509 5.5000000000000009 -1.3632209691406605 415.00000000000006 3.5000000000000004 0.56353687755434512 5.0000000000000009 1.2711926394817625 449.00000000000006 0.093553174447257761 0.32246655831841581 1.2272881596235348 0.11667654831774561 48.500000000000007 1.3802551597585782 0.76614662283264801 0.060684712675113557 0.35135944365545652 493.00000000000006 1.0000000180025095e-35 7.5000000000000009 12.500000000000002 1.1765026554335971 0.093802118730058115 1750.0000000000002 140.50000000000003
decision_type=2 2 2 2 2 2 2 2 2 2 2 2 2 2 2 2 2 2 2 2 2 2 2 2 2 2 2 2 2 2
left_child=1 6 7 5 24 11 21 -3 10 20 17 22 16 -10 -14 19 -8 -6 -7 27 -9 -1 -2 -5 25 26 -4 -12 -17 -25
right_child=3 2 4 23 8 18 12 9 13 -11 15 -13 14 -15 -16 28 -18 -19 -20 -21 -22 -23 -24 29 -26 -27 -28 -29 -30 -31
leaf_value=-0.06001588416175855 -0.027207019502674019 -0.031433599161031389 -0.036651333192745945 -0.045160347392709653 -0.023877046582903318 -0.042741083299469379 -0.044248633426313314 -0.011325501854417512 -0.0057405527898607284 0.0093998048983772314 0.02477150167632669 0.0045660996536981214 -0.019444948421837392 0.014111828443173628 0.0056217735054612025 0.025824727856586124 0.0014519305405106032 0.01752311885072725 -0.011645640061557114 0.040082300738885739 0.0061783061378666796 0.0086844782719009816 -0.010355160048419042 0.016969009212108317 0.011734172342410143 0.0047496420136271542 0.073575139190042799 0.013048515901979902 0.054782146175546664 -0.042934379789475549
leaf_weight=266.27536027296446 1195.5201021102257 343.61348834168166 275.86412560206372 37.768788220826536 167.49923402629793 1051.8777998306323 375.54898949107155 1742.564243983943 657.57738692080602 1422.715781532228 1771.4869191199541 397.78962503280491 907.71337141888216 2028.6473298929632 461.96343403635547 243.99525512382388 95.949925898574293 206.5228580199182 191.89383617276326 392.75701484084129 649.21846112376079 34.607145384885371 702.04901307960972 517.21014645753894 1482.4190493288334 2498.9350756946951 10.97521263733506 1445.2961914939806 273.3853862779215 31.165294895879924
leaf_count=5083 10809 3343 2374 363 882 11215 6152 14236 3793 6464 7448 1820 11466 9442 4506 686 1018 851 1229 1328 4786 339 5111 2594 7468 18418 38 6433 605 304
internal_value=0.00020067 0.00472141 0.00839294 -0.019257 0.0125876 -0.0240661 -0.0220404 -0.003163 0.0172856 -0.000616357 0.0220801 -0.0165464 -0.0171258 0.00925204 -0.0109905 0.0241734 -0.0349486 -0.00101722 -0.0379436 0.0217435 -0.00657432 -0.0521141 -0.0209723 0.00978058 0.00467662 0.000921023 -0.0324338 0.0195044 0.0411259 0.0135646
internal_weight=21880.8 17755.5 15613.5 4125.27 11455.4 3539.13 2142.06 4158.11 7187.17 3814.5 4500.94 2295.36 1841.18 2686.22 1369.68 4126.92 471.499 374.022 1243.77 3609.54 2391.78 300.883 1897.57 586.144 4268.19 2785.77 286.839 3216.78 517.381 548.375
internal_count=150604 117159 88595 33445 59766 30184 28564 28829 31468 25486 18233 17740 23142 13235 15972 16500 7170 1733 12444 15209 19022 5422 15920 3261 28298 20830 2412 13881 1291 2898
is_linear=0
shrinkage=0.05


Tree=2
num_leaves=31
num_cat=0
split_feature=15 18 15 13 15 30 17 15 15 18 18 23 16 31 15 15 18 33 31 15 15 8 19 0 0 28 3 16 8 23
split_gain=2562.27 910.451 551.061 209.746 160.282 152.744 121.109 79.95 78.8947 77.3193 61.775 49.3433 44.0857 43.2871 41.5941 40.2763 39.081 42.8885 41.9468 38.9159 37.8531 37.6793 36.5875 34.9754 33.8798 35.753 33.0613 35.2723 32.9636 32.3046
threshold=0.25014484356894556 4.5000000000000009 0.43761120996441288 0.019248843262001103 0.32016079525260904 90.500000000000014 1.0000000180025095e-35 0.13339110340843444 0.15597125276262855 6.5000000000000009 4.5000000000000009 1350.0000000000002 272.50000000000006 -0.25202996930134225 0.1482927832852016 0.24326235712374322 1.5000000000000002 -0.24240069434675496 -0.95166079644751989 0.16434324458551963 0.23700022832970807 0.77170537106730863 2.5000000000000004 -1.3373833797309438 0.73636664030801702 3.5000000000000004 0.96344602795510859 452.50000000000006 0.017475700344310653 1350.0000000000002
decision_type=2 2 2 2 2 2 2 2 2 2 2 2 2 2 2 2 2 2 2 2 2 2 2 2 2 2 2 2 2 2
left_child=1 5 4 8 6 7 -2 23 -3 15 16 -9 -10 -6 -11 -5 18 -18 -8 21 29 22 -7 -1 25 -20 -13 -28 -19 -14
right_child=2 3 -4 9 13 19 10 11 12 14 -12 26 20 -15 -16 -17 17 28 24 -21 -22 -23 -24 -25 -26 -27 27 -29 -30 -31
leaf_value=-0.062527167523541968 0.015070523831538982 -0.041009089461234924 0.04460955973836523 -0.043826417668139647 0.0067906806403107344 -0.011432631824452699 0.038175885240128299 0.0054761485489912597 -0.0036071399322359847 -0.075574990831895478 -0.028466851393826834 -0.0032446037793842533 -0.0098571420890924411 0.022865495971334367 -0.052494939494180243 0.014731398686258772 0.022338856206667805 0.009879970925559511 -0.043522679026982855 -0.017524414638132906 0.0061756989231942245 -0.0082337758721244513 -0.053549069667011132 -0.013396754371138343 0.00013859628920219732 -0.010378282525755331 -0.011328783229135832 -0.048581180096806009 -0.014554093631221537 -0.041777631675530329
leaf_weight=37.083873982541263 2028.4679899904877 532.65118824806996 1750.9568638466299 727.67354461993091 478.48224137630314 64.465526035986841 48.285772560164332 1623.4896333357319 373.44696934102103 385.18671207944863 203.48741201171651 3207.7109529720619 110.13205897808075 3357.6023243889213 395.78943121433258 30.599085879512131 327.4620986841619 328.33142760302871 117.25024770852178 649.07603948982432 73.896129345521331 88.169959984719753 257.71909935306758 1563.1243595797569 411.58143498841673 265.8373977355659 360.54161882121116 77.137553751468658 238.15505082067102 282.77574050659314
leaf_count=469 10215 8153 5747 12671 3029 554 248 9906 3751 10072 3162 20279 1151 15587 8154 336 1918 1694 929 5265 473 754 2710 11903 2108 1923 2668 707 1788 2280
internal_value=0.000383989 -0.0162544 0.0192594 -0.0401633 0.0135723 -0.00747265 0.00652801 -0.00474717 -0.0259549 -0.0528362 -0.00240226 -0.00177442 -0.0164118 0.0208605 -0.0638783 -0.0414634 0.000651342 0.00793435 -0.00707225 -0.025144 -0.0266556 -0.0371961 -0.045122 -0.0145353 -0.00982162 -0.0205227 -0.00500349 -0.0178942 -0.000392288 -0.0328303
internal_weight=20396.6 10840.7 9555.9 2912.15 7804.94 7928.52 3968.86 6869.09 1372.9 1539.25 1940.39 5268.88 840.251 3836.08 780.976 758.273 1736.9 893.949 842.955 1059.43 466.804 410.355 322.185 1600.21 794.669 383.088 3645.39 437.679 566.486 392.908
internal_count=150604 102256 48348 47041 42601 55215 23985 45932 15808 31233 13770 33560 7655 18616 18226 13007 10608 5400 5208 9283 3904 4018 3264 12372 4960 2852 23654 3375 3482 3431
is_linear=0
shrinkage=0.05


Tree=3
num_leaves=31
num_cat=0
split_feature=18 5 18 25 18 5 25 6 5 3 18 26 10 25 5 26 5 17 25 6 5 1 16 8 6 6 7 25 26 30
split_gain=837.846 438.315 266.363 194.238 180.872 121.908 116.028 82.9268 72.2203 70.6829 69.5713 67.2394 59.9898 55.9326 52.0145 50.6461 49.0565 44.7284 43.3371 44.0489 40.5073 39.9661 49.8658 38.2361 36.5306 36.4362 37.8177 35.6401 35.6045 33.1606
threshold=2.5000000000000004 -0.096069554587969189 1.5000000000000002 3.5000000000000004 6.5000000000000009 0.51107540647811611 3.5000000000000004 -0.3620729548416764 -0.11396757449730903 -0.89083528634125619 4.5000000000000009 431.00000000000006 -0.0065675002390904492 4.5000000000000009 1.0498173599901204 477.00000000000006 0.57005343586599977 1.0000000180025095e-35 3.5000000000000004 0.96369048546847658 -0.11396757449730903 -1.0000000180025095e-35 212.50000000000003 -0.56353511823958102 -1.067510570055165 0.17480729084967372 -0.51394699838211366 5.5000000000000009 525.00000000000011 69.500000000000014
decision_type=2 2 2 2 2 2 2 2 2 2 2 2 2 2 2 2 2 2 2 2 2 2 2 2 2 2 2 2 2 2
left_child=2 4 5 9 23 17 7 -4 -8 -3 27 -11 -7 15 -13 25 -9 20 19 28 -1 -6 -23 -2 -25 26 -14 -5 -19 -21
right_child=1 3 6 10 21 12 8 16 -10 11 -12 14 13 -15 -16 -17 -18 18 -20 29 -22 22 -24 24 -26 -27 -28 -29 -30 -31
leaf_value=-0.015940811670994166 -0.044935334419303627 -0.028687031599533765 0.0062947460854646991 -0.0096081200474909881 -0.072671748480988951 -0.019676228108721276 -0.018195299071311608 0.022525266760715382 0.011827523892794584 -0.018705679631808313 -0.038428126345741019 0.0021439855586901087 -0.07590577567975279 -0.0049113033139044802 0.03006815401318319 0.017430588808374354 0.037338162501542059 -0.010855327345136799 -0.019487689144353185 -0.00071353465444684724 0.0071206105779633979 -0.065861117214853132 -0.0289824385799103 -0.048881740939518956 -0.016650060330786146 0.0095784340271243187 -0.0047114016371304322 -0.030361932916071616 0.035365380675863138 0.048806223021734721
leaf_weight=243.62315502995625 169.40971621125937 204.95899597276002 535.6048778463155 895.40266068046913 226.72006385563873 187.15119092166424 226.16838218364865 1494.7883209846914 1751.7763445344754 376.6781058376655 406.5215944473166 3489.8025009809062 19.674724739044905 587.02662123413756 175.13362093269825 1816.7924296557903 892.74124181829393 689.16673016664572 774.61601219931617 70.685770975425839 871.84947750996798 170.17005203617737 198.68467314867303 96.229721406940371 1016.5986695326865 1096.4393878141418 359.10666990466416 269.01219894085079 44.346059238538146 64.797791009768844
leaf_count=2516 3080 2197 2409 7710 6943 1096 1949 5972 8996 4950 9906 25375 143 4487 712 6787 2226 5732 7457 455 5195 5127 3957 1621 13157 4707 1823 3430 231 258
internal_value=0.000441337 -0.0123783 0.00885414 -0.00559868 -0.0333819 0.00246839 0.017747 0.0240753 0.00839456 -4.18347e-05 -0.02062 0.00141083 0.00797285 0.00930683 0.00347838 0.0118422 0.0280641 -0.00564377 -0.0108883 -0.00322293 0.00208391 -0.056151 -0.0459963 -0.0228061 -0.0194372 0.00495983 -0.00840939 -0.0144028 -0.00806096 0.0229703
internal_weight=19421.7 7695.32 11726.4 5817.51 1877.81 6825.28 4901.08 2923.13 1977.94 4246.57 1570.94 4041.61 4066.19 3879.04 3664.94 3292.01 2387.53 2759.08 1643.61 868.996 1115.47 595.575 368.855 1282.24 1112.83 1475.22 378.781 1164.41 733.513 135.484
internal_count=150604 88165 62439 54280 33885 40887 21552 10607 10945 33234 21046 31037 19043 17947 26087 13460 8198 21844 14133 6676 7711 16027 9084 17858 14778 6673 1966 11140 5963 713
is_linear=0
shrinkage=0.05


Tree=4
num_leaves=31
num_cat=0
split_feature=15 18 15 22 15 5 5 22 30 15 30 5 20 0 30 30 5 22 10 9 26 29 18 30 30 2 5 31 18 0
split_gain=1322.58 576.312 362.868 135.653 84.334 80.1029 67.7978 59.0887 58.1194 42.8429 40.1901 37.5327 33.3103 40.1786 40.1004 36.1893 33.1445 33.9916 31.7714 32.2189 45.9211 31.7368 31.6514 37.6352 42.4975 31.074 29.7112 29.4942 37.4289 33.6926
threshold=0.23099003376987068 4.5000000000000009 0.47796429892711806 7.5000000000000009 0.35339330000393659 -0.71402578496412761 0.56353687755434512 5.0000000000000009 90.500000000000014 0.16794382462321392 28.500000000000004 -0.69605580472135686 1.0000000180025095e-35 -0.85309553649380365 112.50000000000001 14.500000000000002 1.2711926394817625 5.0000000000000009 -0.31498622525612646 1.0000000180025095e-35 473.00000000000006 5.5000000000000009 1.5000000000000002 261.00000000000006 35.500000000000007 -1.879238717035397 -0.22910022011932826 -0.055663033052810243 3.5000000000000004 0.83928849489707991
decision_type=2 2 2 2 2 2 2 2 2 2 2 2 2 2 2 2 2 2 2 2 2 2 2 2 2 2 2 2 2 2
left_child=1 5 4 9 6 -1 11 10 16 -3 -8 -2 13 -9 -14 -15 17 -7 21 20 -20 -19 23 24 -6 -13 -11 -24 -29 -30
right_child=2 3 -4 -5 22 8 7 12 -10 26 -12 25 14 15 -16 -17 -18 18 19 -21 -22 -23 27 -25 -26 -27 -28 28 29 -31
leaf_value=-0.02837377359170681 -0.015028441948333519 -0.054286814659362193 0.033455264381000806 -0.018768552987908457 -0.0039359788917026134 -0.020871293896700352 -0.040931560455899109 0.02733334116506507 -0.020128283405950635 -0.051273486948838431 0.00078679914931994088 -0.062484904464266369 0.022797198805598023 -0.027398382435686753 -0.012820648073042052 0.0064882090974576756 0.0092127989572711906 -0.045831950715929118 -0.0056305335916794512 -0.0078083780725374894 0.0090755855723557623 -0.0090090731130954144 0.0044954330405112151 -0.080756104646276278 0.017284818170414339 0.0026023179881480962 -0.026889476897023836 0.029466477633513056 0.01455179344139841 -0.055889829044660028
leaf_weight=418.30911437887698 344.47137708822265 833.680989588378 1651.8315218091011 604.76122570084408 364.2992836991325 319.3944556536153 70.300972908735275 210.45931567437947 618.35878840601072 200.98088868171908 322.85601729247719 18.433973032049835 1076.6164956367575 88.268343731760979 85.282675370573997 733.63974379608408 441.10068337060511 84.739262141287327 1118.398108729627 1749.8887625839561 1010.4030179097317 189.08178955642506 255.99736601300538 11.600506845861672 669.53338270355016 3511.5972288590856 330.12167297117412 833.44725092500448 466.87352952361107 17.615749919787049
leaf_count=5859 4452 24611 4683 7550 1715 3112 616 789 6910 5452 1951 220 4719 485 532 3590 2565 944 7784 14562 5781 1705 1510 107 2817 23652 6718 2553 2415 245
internal_value=0.00046256 -0.0150376 0.0118991 -0.0384811 0.00797812 -0.00727705 0.00491041 0.0111776 -0.00568162 -0.047216 -0.00667292 0.000725146 0.0143759 0.00784038 0.0201829 0.00284898 -0.00386334 -0.00515314 -0.00394417 -0.00278212 0.0013495 -0.0204046 0.0155461 0.00880217 0.00980709 0.00226243 -0.0361169 0.0200255 0.0230421 0.0119906
internal_weight=18652.3 7919.22 10733.1 1969.54 9081.29 5949.67 6461.93 2587.42 5531.36 1364.78 393.157 3874.5 2194.27 1032.37 1161.9 821.908 4913.01 4471.91 4152.51 3878.69 2128.8 273.821 2619.37 1045.43 1033.83 3530.03 531.103 1573.93 1317.94 484.489
internal_count=150604 93553 57051 44331 52368 49222 41006 12682 43363 36781 2567 28324 10115 4864 5251 4075 36453 33888 30776 28127 13565 2649 11362 4639 4532 23872 12170 6723 5213 2660
is_linear=0
shrinkage=0.05


Tree=5
num_leaves=31
num_cat=0
split_feature=5 25 5 6 11 23 26 5 25 25 5 6 26 34 5 0 22 26 34 25 6 32 25 6 6 33 33 25 6 23
split_gain=380.537 186.418 148.193 124.191 89.1617 85.2379 78.7975 62.0572 60.3062 53.3744 48.3747 45.9992 61.5642 44.8672 44.8456 43.9626 43.9626 39.162 36.7161 33.4111 33.0235 32.6402 31.2316 34.117 30.5332 30.3944 34.5911 29.2839 41.5059 36.9448
threshold=-1.0000000180025095e-35 4.5000000000000009 0.62885047046787901 0.025392642065870105 1.5000000000000002 2675.0000000000005 465.00000000000006 1.0265869691098677 3.5000000000000004 3.5000000000000004 -1.3599209204425573 0.39120325793915051 451.00000000000006 -0.78954410349110038 1.1961345602620628 -1.3161057871549018 5.0000000000000009 475.00000000000006 0.70272032110988547 3.5000000000000004 -0.29331396777782048 0.21976805603822799 6.5000000000000009 -0.023574627514519098 1.2429754308516681 0.3936418804015549 0.43884451256961016 3.5000000000000004 0.4256202948424393 1250.0000000000002
decision_type=2 2 2 2 2 2 2 2 2 2 2 2 2 2 2 2 2 2 2 2 2 2 2 2 2 2 2 2 2 2
left_child=3 2 6 4 15 7 18 22 14 10 -5 12 -12 -8 16 -1 -4 -6 -2 -17 -10 -14 23 -3 -9 -16 -27 28 29 -15
right_child=1 5 8 9 17 -7 13 24 20 -11 11 -13 21 27 25 19 -18 -19 -20 -21 -22 -23 -24 -25 -26 26 -28 -29 -30 -31
leaf_value=-0.046590029664508738 -0.0033739266346290153 -0.036595595351262798 -0.01060376983548382 -0.035164249288341998 -0.044494872757982022 0.0092640511121510026 0.026310062090235405 -0.0080721241744068466 -0.015518160823976949 -0.015743456436367952 -0.041025523224652131 0.013619111740832896 0.007328455851334484 0.016888345832688206 0.035032235318456631 -0.0071298037058574633 0.015713710704016413 -0.022072594783358736 -0.022796064981129561 -0.028019011439315723 0.0079868456222283377 -0.046436061363377149 -0.044181439331820491 -0.013604590593746116 0.015215741157549713 -0.10319838216358859 0.017207825768577292 -0.0042490744223196222 0.018763821803985361 0.0010168483487352398
leaf_weight=95.85826772893779 2227.5394456400536 194.57629174087197 171.71099900268018 81.348184565082192 473.7727872938849 521.09285141248256 249.56959720887244 497.29450112348422 163.30531090591103 661.1762819911819 104.04635809874162 627.50195666961372 326.38451968599111 446.15122945606709 499.47203059215099 940.44817922636867 2091.7374529740773 330.63820753572509 273.17541070980951 240.33897356456146 1758.9547590897419 30.90215972578153 121.65155191835947 945.20570989651605 196.31597795663401 6.0930746011435977 283.65025321952999 775.52903913892806 572.86297196894884 2057.7447435208596
leaf_count=2141 19545 2877 1078 1241 11905 3205 1178 4724 1190 9014 1535 4821 2771 2617 1596 10291 9048 6241 2927 3819 8880 396 2376 11009 1432 34 971 6035 2540 13310
internal_value=-9.22175e-05 0.00374724 0.00641042 -0.0138838 -0.0222405 -0.00870477 0.00150007 -0.0134941 0.0129273 -0.00438765 0.0020286 0.00480732 -0.00717841 0.00576499 0.0172957 -0.0140253 0.0137172 -0.0352786 -0.00549558 -0.0113816 0.00598998 0.0026783 -0.0200998 -0.0175295 -0.00148085 0.0275588 0.0146758 0.00443399 0.00662264 0.00384488
internal_weight=17966 14053.6 11577.5 3912.42 2081.06 2476.14 6602.57 1955.04 4974.92 1831.36 1170.18 1088.83 461.333 4101.86 3052.66 1276.65 2263.45 804.411 2500.71 1180.79 1922.26 357.287 1261.43 1139.78 693.61 789.215 289.743 3852.29 3076.76 2503.9
internal_count=150747 96572 70949 54175 34397 25623 48152 22418 22797 19778 10764 9523 4702 25680 12727 16251 10126 18146 22472 14110 10070 3167 16262 13886 6156 2601 1005 24502 18467 15927
is_linear=0
shrinkage=0.05


Tree=6
num_leaves=31
num_cat=0
split_feature=15 5 15 15 25 0 26 20 22 15 16 25 9 15 15 30 23 26 28 5 7 0 7 15 20 6 1 5 25 26
split_gain=1000.37 242.605 218.047 149.149 75.9926 74.8938 59.8074 58.0424 47.0937 43.2922 51.7832 37.5624 52.1652 37.0078 36.1361 39.5883 38.3272 33.908 32.9405 32.3219 31.0779 30.2378 29.8751 29.0086 28.7371 28.4543 28.2856 28.211 26.742 25.7193
threshold=0.26558578518810588 0.20113716425350509 0.51022308364686653 0.10695852289355361 4.5000000000000009 -0.86891813511502669 499.00000000000006 1.0000000180025095e-35 5.0000000000000009 0.3727327557846255 40.500000000000007 3.5000000000000004 -0.11881670505238094 0.14932730015082954 0.21173736790313608 99.500000000000014 1175.0000000000002 443.00000000000006 3.5000000000000004 0.72485801655976734 -0.90409624985869963 0.47761466768259853 0.27248586941198022 0.22755450637187163 1.0000000180025095e-35 1.2964098408055806 -1.0000000180025095e-35 0.62264106586323542 3.5000000000000004 477.00000000000006
decision_type=2 2 2 2 2 2 2 2 2 2 2 2 2 2 2 2 2 2 2 2 2 2 2 2 2 2 2 2 2 2
left_child=1 3 8 22 7 24 23 13 -2 18 21 -9 -13 -3 15 16 -7 -18 -10 25 -19 -11 -1 -6 -5 -14 -8 29 -4 -20
right_child=2 4 28 5 6 14 26 11 9 10 -12 12 19 -15 -16 -17 17 20 27 -21 -22 -23 -24 -25 -26 -27 -28 -29 -30 -31
leaf_value=-0.049552534094232228 -0.002346452371230304 -0.019674964631248588 0.03612277483502626 -0.022078618077012072 -0.031394364577925958 0.010684730292277435 -0.030233444069605372 0.0091252991714828365 0.0015946170313380582 -0.029460501330103923 0.020253618670430806 -0.03252993691922406 -0.018834972433487016 -0.0032739294755512478 -0.0064561836541885097 -0.042949173228987308 -0.033756709764838744 -0.042436484600875464 0.001352617974898793 0.010160165755009169 -0.012570700171955985 0.014829462814228115 -0.021914697976894638 -0.0064715154488570494 -0.044905646644375803 0.036600266691417242 0.0090485229711428118 0.017000192998726116 0.020615818585435597 0.012629479898822116
leaf_weight=459.88778189802542 812.44240909209475 474.36399941891432 892.09513403102756 276.38821823592298 483.4656519619748 128.78070424497128 56.411274790763855 1467.3573825899512 1410.8711413792334 87.625209296122193 1495.894818758592 136.44299363158643 216.98998533096164 1251.0301882131025 1154.6085882685147 142.80040242709219 272.85159235913306 93.187106119003147 972.6340529830195 403.84584542736411 1334.6058427159442 68.791317621711642 124.18015662766993 153.92590203974396 275.11212740978226 25.912390181794763 244.23707525804639 1157.396531438455 403.89835921116173 1053.0269685462117
leaf_count=11578 5306 4681 2331 5030 8709 1404 955 8817 8511 516 6041 1424 2290 8435 11342 2988 5308 1697 7060 2490 17235 277 2223 1715 7101 120 2867 4844 1342 6110
internal_value=-7.87532e-05 -0.0114754 0.0124388 -0.0202045 -0.00390366 -0.0164775 -0.0167048 -0.0008835 0.00897761 0.0104505 0.0173914 0.0044061 -0.00443562 -0.00778308 -0.0134812 -0.0175939 -0.0156148 -0.0176063 0.0079541 0.00149137 -0.0145199 -0.00998197 -0.0436764 -0.0253757 -0.0334657 -0.0129212 0.00167797 0.0107729 0.03129 0.00721482
internal_weight=17531.1 9176.39 8354.68 4262.4 4913.98 3678.33 938.04 3975.94 7058.68 6246.24 1652.31 2250.55 783.191 1725.39 3126.83 1972.23 1829.43 1700.64 4593.93 646.748 1427.79 156.417 584.068 637.392 551.5 242.902 300.648 3183.06 1295.99 2025.66
internal_count=150747 108409 42338 65906 42503 52105 14246 28257 38665 33359 6834 15141 6324 13116 39974 28632 25644 24240 26525 4900 18932 793 13801 10424 12131 2410 3822 18014 3673 13170
is_linear=0
shrinkage=0.05


Tree=7
num_leaves=31
num_cat=0
split_feature=15 18 15 18 15 18 18 25 22 16 18 7 15 19 16 26 18 22 6 30 29 15 19 34 16 32 22 4 8 14
split_gain=773.711 533.594 200.362 133.114 119.839 76.9636 88.6784 69.0891 67.3621 49.5383 47.308 40.2452 41.6079 38.6911 36.8918 34.0838 44.3848 36.364 33.954 34.4848 32.0044 31.0417 30.4063 43.8661 29.7441 28.247 27.9432 27.7089 34.291 27.2334
threshold=0.26558578518810588 3.5000000000000004 0.47796429892711806 1.5000000000000002 0.16794382462321392 2.5000000000000004 1.5000000000000002 4.5000000000000009 7.5000000000000009 8.5000000000000018 4.5000000000000009 0.080632892675064474 0.32016079525260904 3.5000000000000004 512.50000000000011 451.00000000000006 4.5000000000000009 7.5000000000000009 -0.45071761271267025 90.500000000000014 16.500000000000004 0.12180652680652676 3.5000000000000004 -0.010211628541471148 14.500000000000002 -0.17001953457256877 5.0000000000000009 -0.26190917810972242 -0.29247986494791622 0.13986420720271589
decision_type=2 2 2 2 2 2 2 2 2 2 2 2 2 2 2 2 2 2 2 2 2 2 2 2 2 2 2 2 2 2
left_child=1 3 5 20 15 6 27 18 10 -4 -6 12 -7 -12 -10 -3 -17 -18 29 -20 21 24 23 -14 -1 -9 -8 -2 -29 -5
right_child=2 4 9 7 8 11 26 25 14 -11 13 -13 22 -15 -16 16 17 -19 19 -21 -22 -23 -24 -25 -26 -27 -28 28 -30 -31
leaf_value=0.011870616112807531 0.014754211806641979 -0.051974261198475973 -0.014786944649084095 -0.012660247593721571 -0.01178317259660157 -0.0057281658609106036 -0.009810277643949851 -0.028696301255623381 0.0032891908221941166 0.028990472781033297 -0.014025477670876814 -0.013050627926053993 -0.049341484339446434 -0.041151425543983225 -0.038063336492043867 -0.015709396126821627 -0.047920809022316102 -0.021544369340696118 0.012758893695532828 -0.013014770462558684 -0.077333866746309557 -0.0075694170659389298 0.0053031397427002617 0.033114277212316946 -0.030163004560142453 -0.0038878581562873504 0.020754885326919433 -0.018653284514748368 0.0043852224470834165 0.014878125253034773
leaf_weight=49.458661274053156 582.22048540133983 386.81419577519409 67.538639694452286 296.83318201592192 386.81145704165101 752.04356584418565 78.092305459082127 153.02273483807221 384.38161917775869 1496.4748247321695 180.51779898442328 484.95845070155337 17.555571462027729 483.68312623654492 62.737343737855554 238.08024822827429 488.11870998027734 178.4398108497262 2033.5348047427833 138.62979000806808 17.540105692110956 2369.3376776240766 807.51318328408524 198.59774932265282 282.37066769227386 458.62842027004808 1760.8660435993224 176.85755715845153 1861.7560767768882 128.70331414556131
leaf_count=498 2923 12199 364 2713 4912 6012 504 2464 3602 4342 3700 4662 210 11724 666 3630 15859 2656 12082 1517 217 20514 4731 873 3506 5110 6571 1133 10013 840
internal_value=4.01092e-05 -0.0103577 0.0109816 -0.00187194 -0.0283904 0.0072304 0.01104 0.00502408 -0.0187685 0.0271 -0.0256838 -0.000284997 0.00320138 -0.0337791 -0.00251317 -0.0395523 -0.0342408 -0.0408598 0.00858386 0.011114 -0.0100125 -0.00957532 0.00976154 0.0264174 -0.023898 -0.0100944 0.0194569 0.00513403 0.00238654 -0.00433128
internal_weight=17002.1 8717.64 8284.47 5928.06 2789.58 6720.46 4459.79 3209.35 1498.13 1564.01 1051.01 2260.67 1775.71 664.201 447.119 1291.45 904.639 666.559 2597.7 2172.16 2718.71 2701.17 1023.67 216.153 331.829 611.651 1838.96 2620.83 2038.61 425.536
internal_count=150747 108409 42338 49461 58948 37632 21144 24726 24604 4706 20336 16488 11826 15424 4268 34344 22145 18515 17152 13599 24735 24518 5814 1083 4004 7574 7075 14069 11146 3553
is_linear=0
shrinkage=0.05


Tree=8
num_leaves=31
num_cat=0
split_feature=15 15 5 15 5 5 25 26 25 5 25 17 25 8 26 29 22 19 26 26 25 9 19 23 22 33 1 8 0 5
split_gain=629.116 197.523 191.399 85.4422 61.9752 54.3295 54.0223 56.7269 52.1919 44.4378 41.5176 37.6038 60.2399 35.3492 34.9618 34.2828 33.3722 33.3204 32.1389 31.9765 31.2862 30.7267 30.1042 29.4926 31.1011 28.8768 28.4567 28.3876 27.4674 27.4565
threshold=0.22989316343238816 0.43761120996441288 0.20113716425350509 0.10695852289355361 0.62264106586323542 -1.4078769126657624 4.5000000000000009 499.00000000000006 3.5000000000000004 0.33600919235117693 3.5000000000000004 1.0000000180025095e-35 4.5000000000000009 -1.3018382295919475 451.00000000000006 1.5000000000000002 5.0000000000000009 3.5000000000000004 415.00000000000006 437.00000000000006 3.5000000000000004 -0.54229664654552789 8.5000000000000018 1450.0000000000002 5.0000000000000009 0.55216564424093306 0.44586470251624971 0.20876814970621874 -0.75251205902290974 1.1961345602620628
decision_type=2 2 2 2 2 2 2 2 2 2 2 2 2 2 2 2 2 2 2 2 2 2 2 2 2 2 2 2 2 2
left_child=2 4 3 -1 11 -5 13 -8 29 10 25 -2 14 -4 -13 -12 -15 -7 -19 21 -11 -18 28 -16 -25 -3 -26 -23 -20 -6
right_child=1 9 6 5 8 17 7 -9 -10 20 15 12 -14 16 23 -17 19 18 22 -21 -22 27 -24 24 26 -27 -28 -29 -30 -31
leaf_value=-0.039991003128236474 0.0053578952878384212 0.023461857988116841 -0.03514696733280373 -0.045823764485499574 0.012883058687163707 -0.0067605967838026103 -0.027675570345845418 0.0026407871407555434 0.0037749797371012649 0.036866659449773465 0.048092392268276954 -0.013628887838176899 -0.021748888914113137 -0.025660740658279085 0.012346571003855094 -0.018348475775963515 -0.075825253651449376 -0.063418576130482629 -0.036899705608203694 0.003138906328659782 0.019542464401523494 -0.02331225484333032 -0.0034891557514817478 -0.036458402512446135 -0.0059322526806038639 -0.012662573010950482 0.011380157674575366 0.010927944256101822 -0.018161392422888483 0.02821212328772903
leaf_weight=495.19931887905113 2684.5085573447868 531.06834743916988 73.179937530774623 157.30912517546676 1121.6299071768299 753.58677655481733 425.12545746890828 242.21872913790867 1524.5578801608644 609.82992699183524 22.601964849978685 376.34396454971284 371.99656920181587 120.53460355475545 579.87285360367969 137.70918160490692 19.222887264564633 40.462747303303331 236.04016779526137 2347.4754332592711 455.08475545607507 159.13270995416678 283.77692185994238 60.510618072934449 645.39906642306596 61.753439471125603 375.43739381060004 97.697073330637068 1140.5653340240242 394.98301231861115
leaf_count=13801 16262 1694 883 4488 4564 10934 8848 3223 9217 1568 62 3900 4538 1211 3950 678 325 1189 5838 18077 1477 2041 4014 540 5318 270 2356 790 17421 1270
internal_value=5.52525e-05 0.00798966 -0.0119258 -0.0209489 0.00465989 -0.0173384 -0.00388057 -0.016672 0.010308 0.0228894 0.013594 0.00128794 -0.00324643 -0.000850565 0.000131548 -0.0089811 6.4067e-05 -0.0155128 -0.0193905 0.00124596 0.0294633 -0.0148511 -0.0183176 0.00324893 -0.00162968 0.0196988 0.000434807 -0.0102874 -0.0213744 0.0168753
internal_weight=16544.8 9953.29 6591.53 3106.94 8135.24 2611.74 3484.59 667.344 3041.17 1818.05 753.133 5094.07 2409.56 2817.24 2037.56 160.311 2744.06 2454.43 1700.85 2623.53 1064.91 276.053 1660.38 1661.22 1081.35 592.822 1020.84 256.83 1376.61 1516.61
internal_count=150747 57664 93083 57685 51915 43884 35398 12071 15051 5749 2704 36864 20602 23327 16064 740 22444 39396 28462 21233 3045 3156 27273 12164 8214 1964 7674 2831 23259 5834
is_linear=0
shrinkage=0.05


Tree=9
num_leaves=31
num_cat=0
split_feature=18 15 15 22 18 18 17 15 5 15 18 5 5 38 15 10 18 22 0 18 22 0 0 20 1 8 10 16 18 36
split_gain=588.05 351.008 206.811 124.076 86.0149 89.896 70.4659 65.3769 58.114 46.9911 37.6167 36.1236 35.3685 34.6373 34.2797 30.3788 29.8568 29.6807 29.6002 29.3762 53.9134 28.774 28.3099 27.1609 26.9848 27.3604 26.8217 26.6533 26.2986 26.0098
threshold=3.5000000000000004 0.21271661733796593 0.3323308066646164 7.5000000000000009 1.5000000000000002 2.5000000000000004 1.0000000180025095e-35 0.47796429892711806 -0.21698208859004572 0.20465718761296539 1.5000000000000002 1.5444772280330301 0.38766095666077532 4.5000000000000009 0.45837775408670928 -0.33617572166468129 6.5000000000000009 5.0000000000000009 1.246624033530296 4.5000000000000009 7.5000000000000009 1.0883340024355908 0.50880244567252875 1.0000000180025095e-35 -0.33704174436060935 0.16202642722257388 0.57936723475191165 294.50000000000006 1.5000000000000002 1.0000000180025095e-35
decision_type=2 2 2 2 2 2 2 2 2 2 2 2 2 2 2 2 2 2 2 2 2 2 2 2 2 2 2 2 2 2
left_child=2 8 4 16 6 13 18 10 -2 22 21 26 -9 15 -5 -6 24 28 -1 -10 -21 -4 -8 -17 -3 -26 -7 -24 -14 -28
right_child=1 3 7 14 5 11 9 12 19 -11 -12 -13 17 -15 -16 23 -18 -19 -20 20 -22 -23 27 -25 25 -27 29 -29 -30 -31
leaf_value=-0.00011212324915754115 -0.046166044931823989 -0.021685236366146277 0.00070448957634523563 0.0047837952876515211 -0.0088506579129198747 -0.0029111643812658595 -0.031504065686749703 0.0128857017898922 -0.014327939381597113 -0.0048622859942341959 0.01698951115248188 0.0424285704245628 0.018138071317803154 -0.0075323483458315556 0.027235238461842195 0.0077916041537404949 -0.024868229087515223 0.035980808493936284 0.016756463603814789 -0.041105654468167697 -0.016892235500107156 0.016945846471882638 -0.0037636874674988659 0.018541170367586859 0.0016529803590265753 -0.021545889410172218 -0.033590081995907788 -0.03232572541662565 -0.055486122559109355 0.016374348015266247
leaf_weight=1357.1922114533372 532.89529325440526 288.36104517686181 996.663588847965 892.36201430670917 151.68035361403599 1227.5484579685144 336.06509668380022 404.55689062736928 356.19190150639042 1241.034648949746 1312.1073863049969 40.475609699264169 156.33094782754779 226.36269248183817 210.03142315894365 984.15169196669012 400.75019768602215 634.10571189038455 321.70712894760072 559.97635476686992 390.00450312579051 375.43245289474726 288.6256810692139 1458.4568803235888 560.96400417527184 164.32576291728765 137.47569634951651 113.9172221692279 13.149401418864725 32.135373928118497
leaf_count=10576 18900 3662 5209 5326 1306 11456 5045 1411 5290 10149 5320 216 486 2244 588 6116 6446 1719 1948 17508 6650 1538 3033 7438 5175 2542 1805 1306 58 281
internal_value=5.55757e-05 -0.0156467 0.00584741 -0.00351371 0.00120784 0.00603863 -0.00441486 0.015284 -0.0322508 -0.0108052 0.0109367 -0.00413728 0.0249429 0.0112251 0.00906131 0.0128618 -0.0133148 0.0310129 0.0031202 -0.0265736 -0.0311651 0.00514844 -0.0207907 0.0142101 -0.00874706 -0.00360309 -0.00548629 -0.0118466 0.0124258 -0.0241236
internal_weight=16165 4355.86 11809.2 2516.79 7916.83 4258.29 3658.54 3892.35 1839.07 1979.64 2684.2 1437.64 1208.14 2820.65 1102.39 2594.29 1414.4 803.586 1678.9 1306.17 949.981 1372.1 738.608 2442.61 1013.65 725.29 1397.16 402.543 169.48 169.611
internal_count=150747 72087 78660 23739 62919 30862 32057 15741 48348 19533 12067 13758 3674 17104 5914 14860 17825 2263 12524 29448 24158 6747 9384 13554 11379 7717 13542 4339 544 2086
is_linear=0
shrinkage=0.05


Tree=10
num_leaves=31
num_cat=0
split_feature=15 5 15 25 5 5 15 26 25 3 17 0 4 6 26 5 6 6 26 25 6 3 31 0 25 6 15 30 7 10
split_gain=419 167.579 156.219 93.5019 78.9876 74.4445 45.5469 42.4678 40.4354 39.7775 39.612 39.4412 33.5326 32.4655 32.2298 31.3408 31.1988 31.038 30.8782 29.9364 42.0373 27.8526 27.4824 26.6928 26.6574 33.3607 25.7413 24.6957 24.6283 24.1479
threshold=0.25014484356894556 -0.26378632933520768 0.51022308364686653 4.5000000000000009 0.58023087367841797 0.62885047046787901 0.15689818134411052 499.00000000000006 4.5000000000000009 -0.96164526856712917 1.0000000180025095e-35 -0.98603660053383291 -1.1895838439573019 -0.63036124517349734 421.00000000000006 -0.11396757449730903 0.66764254141529833 0.37878672283850029 515.00000000000011 4.5000000000000009 1.0000000180025095e-35 -0.89083528634125619 0.98750609284585977 0.084871123910798221 3.5000000000000004 0.48252199089989128 0.13572417886822316 224.50000000000003 -0.13093787023821307 1.3688578026433678
decision_type=2 2 2 2 2 2 2 2 2 2 2 2 2 2 2 2 2 2 2 2 2 2 2 2 2 2 2 2 2 2
left_child=1 11 3 4 9 6 14 8 -7 12 -5 16 -2 -14 -3 -4 26 -15 27 20 23 22 -6 -16 25 -8 -1 -11 -22 -10
right_child=2 5 15 10 21 7 24 -9 29 18 -12 -13 13 17 19 -17 -18 -19 -20 -21 28 -23 -24 -25 -26 -27 -28 -29 -30 -31
leaf_value=-0.065609450380090722 0.027496720684768813 -0.054749064231735235 0.00012125984989730668 0.0017505148205088695 -0.0094774933177820524 0.0014788985530114511 -0.0056332372673728653 0.013860686749238658 -0.021377956401467862 0.0028804568022561777 -0.016713024719170837 -0.020348813633000899 -0.08106553664295478 -0.0021011544167307294 -0.029464746577759 0.027132846476147374 0.012217081468237386 -0.043919589174517493 0.018432251087856091 -0.034956321508312016 -0.022774031252468272 0.015946875396691717 0.043841619506964705 -0.0074941398824338208 -0.013514257970516932 0.012520827489688214 -0.034373084061428506 -0.051153847062657548 0.0046059390639568779 0.038236312822680842
leaf_weight=102.08576636062935 36.75365053024143 55.199449197156355 119.61302916333079 535.99551207758486 191.51568170264363 1426.3676693546586 1283.8677230037283 542.89021037984639 306.56768249627203 3208.0095393252559 634.22694688849151 969.86739853653125 22.466599955223501 120.36271855887026 377.82228345703334 1050.5908587928861 25.551116944756359 70.278705147095025 336.86538995429873 173.74361424683593 105.62388236820698 2186.8578598788008 27.657400048337877 218.01851328648627 743.4542776667513 315.18940393347293 186.35570397425909 21.286047844216228 369.26787198614329 17.983543060719967
leaf_count=4639 226 1831 501 3424 888 10520 14368 4341 5962 20819 6681 19997 323 916 8564 3139 461 537 1777 4489 1627 8841 101 3115 10613 2149 5593 258 3957 192
internal_value=-8.35299e-05 -0.00895564 0.0073974 0.00471034 0.00714904 -0.005413 -0.00985662 0.00164273 -0.00214557 0.00267574 -0.00825619 -0.0253352 -0.0166099 -0.0242167 -0.0173632 0.0243718 -0.0407374 -0.0175172 0.00402698 -0.0157049 -0.0125811 0.0142438 -0.00274917 -0.0214257 -0.00569181 -0.0020549 -0.0454283 0.00252429 -0.00148383 -0.0180747
internal_weight=15782.3 7219.86 8562.48 7392.28 6222.05 5936 3642.19 2293.81 1750.92 3816.02 1170.22 1283.86 249.862 213.108 1299.68 1170.2 313.993 190.641 3566.16 1244.48 1070.73 2406.03 219.173 595.841 2342.51 1599.06 288.441 3229.3 474.892 324.551
internal_count=150849 102418 48431 44791 34686 71728 50713 21015 16674 24856 10105 30690 2002 1776 23583 3640 10693 1453 22854 21752 17263 9830 989 11679 27130 16517 10232 21077 5584 6154
is_linear=0
shrinkage=0.05


Tree=11
num_leaves=31
num_cat=0
split_feature=18 15 25 15 13 18 5 5 0 18 25 15 15 5 10 33 5 25 18 22 22 5 5 31 5 19 29 26 23 13
split_gain=467.274 308.35 171.033 131.428 86.1793 82.2947 65.8091 59.8291 53.4451 52.8033 46.5082 44.9312 41.4257 35.7183 35.3109 33.9137 33.6332 32.5516 38.7634 29.9356 29.757 29.4033 32.7142 28.9439 28.793 26.657 26.2974 25.7228 26.0494 25.494
threshold=3.5000000000000004 0.23099003376987068 3.5000000000000004 0.39451333142201844 0.026649754446001952 1.5000000000000002 -0.21698208859004572 -0.11396757449730903 0.87608372046920657 2.5000000000000004 5.5000000000000009 0.55916172920781226 0.37831145530107474 -0.47989056845669059 0.357300828877676 0.28277384519044207 0.33600919235117693 3.5000000000000004 4.5000000000000009 5.0000000000000009 5.0000000000000009 0.96561038558375956 0.0056819440240081015 -0.048051067404645195 0.91561820715276465 8.5000000000000018 3.5000000000000004 445.00000000000006 1450.0000000000002 0.051797149269756405
decision_type=2 2 2 2 2 2 2 2 2 2 2 2 2 2 2 2 2 2 2 2 2 2 2 2 2 2 2 2 2 2
left_child=2 6 3 5 12 8 -2 -4 14 16 11 21 -3 -5 20 25 -7 18 -8 -15 -1 22 -9 -11 -21 26 -12 -20 -29 -23
right_child=1 4 7 13 -6 9 17 10 -10 23 15 -13 -14 19 -16 -17 -18 -19 27 24 -22 29 -24 -25 -26 -27 -28 28 -30 -31
leaf_value=-0.030009500485240655 -0.043702104322793443 0.0013445039242205895 -0.017752589136564606 -0.0099243840611238816 -0.013162341462059968 0.011079429042167278 -0.00021894784038657591 0.012566296432178842 0.010438829887161404 -0.012984042536132985 0.0087813884322651709 0.026974350970231695 0.021497533733993376 0.005653849630867628 0.0083658896862686023 -0.035130809903003012 0.023989813809769063 -0.035898186579335842 -0.038689542553201339 0.026392689735636077 -0.0064836004111016622 0.015391687701782711 -0.0045838097176811024 0.0078040280477828647 0.046577387641021865 0.017157419162636061 -0.018836462150388686 -0.0060838114477738308 -0.026993690333719428 0.00081573819399960099
leaf_weight=155.75497146975249 537.99116989795584 892.69264813512564 525.96897798287682 63.979041622951627 904.48056588461623 1027.6731661823578 223.72731042699888 322.55208120215684 826.87262871395797 213.59222550177947 116.24855166394264 175.49767399206758 356.95669217780232 125.19134860485792 354.55799283646047 128.1996503691189 990.85448179394007 371.78705782536417 212.17053721030243 667.50592019595206 980.87030541710556 545.62839798815548 2015.9864856563509 774.98708827514201 240.2748826444149 97.387162552215159 333.37846119189635 250.62499078037217 367.14397791516967 666.35072879679501
leaf_count=1661 20431 6755 7680 332 10890 6006 2574 2362 4492 2245 1011 577 1386 457 2078 1924 3517 11638 6238 2100 8544 3423 16242 5468 604 636 3539 4388 7896 3755
internal_value=-4.17853e-05 -0.0144702 0.0051929 0.0105692 -0.00140714 0.00732283 -0.0288019 -0.00181462 0.00024334 0.0127801 9.00521e-05 0.00227805 0.00710113 0.0263289 -0.00541014 -0.0119839 0.0174169 -0.0231783 -0.0186901 0.0285743 -0.00970742 0.00105734 -0.00221831 0.00331256 0.0317353 -0.00655913 -0.011696 -0.0236693 -0.0185107 0.00737778
internal_weight=15466.9 4117.57 11349.3 6422.11 2154.13 5325.16 1963.45 4927.2 2318.06 3007.11 4401.23 3726.02 1249.65 1096.95 1491.18 675.214 2018.53 1425.45 1053.67 1032.97 1136.63 3550.52 2338.54 988.579 907.781 547.014 449.627 829.94 617.769 1211.98
internal_count=150849 72196 78653 37504 19031 34011 53165 41149 16775 17236 33469 26359 8141 3493 12283 7110 9523 32734 21096 3161 10205 25782 18604 7713 2704 5186 4550 18522 12284 7178
is_linear=0
shrinkage=0.05


Tree=12
num_leaves=31
num_cat=0
split_feature=18 15 15 22 17 18 15 18 22 22 18 15 8 13 31 18 26 6 9 4 30 15 31 27 1 32 32 13 32 16
split_gain=405.007 272.619 158.081 70.6627 57.1491 55.343 51.1428 43.7393 56.1547 43.5431 41.9757 33.6221 31.141 30.9984 29.6791 27.9652 34.5398 27.9417 27.5553 27.0469 27.4581 26.4501 26.1982 24.8483 23.8789 23.3407 22.1746 24.3512 21.7676 25.559
threshold=3.5000000000000004 0.23099003376987068 0.34502135842751536 7.5000000000000009 1.0000000180025095e-35 1.5000000000000002 0.55916172920781226 4.5000000000000009 7.5000000000000009 5.0000000000000009 2.5000000000000004 0.43761120996441288 0.11398231585273357 0.063380478143219773 -0.067426242217823631 6.5000000000000009 451.00000000000006 0.5334775875907859 -1.2670242729766439 0.52378867292190401 113.50000000000001 0.090486964016375723 1.0872314441463615 9.5000000000000018 -0.088745671941032292 -0.28207759643593427 -0.12832714193695977 0.0062376482213438002 -0.47603442332035467 369.50000000000006
decision_type=2 2 2 2 2 2 2 2 2 2 2 2 2 2 2 2 2 2 2 2 2 2 2 2 2 2 2 2 2 2
left_child=2 7 4 15 18 12 9 13 -9 22 -7 -5 17 24 28 25 -17 -6 -1 -16 -21 -20 -4 -22 -2 -3 -23 -28 29 -11
right_child=1 3 6 11 5 10 -8 8 -10 14 -12 -13 -14 -15 19 16 -18 -19 21 20 23 26 -24 -25 -26 -27 27 -29 -30 -31
leaf_value=-0.020125622808959038 -0.024152365594936935 -0.029437932021589161 -0.0024391437199467077 0.0039286457306215014 -0.024207486444060899 0.0076098111514734546 0.028618149003576683 -0.038476505540147664 -0.016376609788774404 -0.043489719924564095 -0.0071313455933009924 0.027291826688008055 -0.0038348210752931302 -0.029188838313160104 0.020802182726719021 -0.058047489737321968 -0.014755546709477919 -0.0052545565980088287 -0.01732869880104566 0.0090481102844635775 -0.088809682738618473 -0.00096125980859336805 -0.092631205795215665 0.028367784013171977 0.0071715329166731866 -0.0021027698713058478 -0.066383815099618562 0.0091173731843690754 0.0081470927620707467 0.013604765925448676
leaf_weight=102.54344021622092 92.053250773111358 87.300163137493655 363.48103773966432 767.69000559672713 484.36232291767374 1404.8002516115084 517.17897927947342 992.26361757074483 404.66089707845822 47.23044197447598 735.89259553235024 192.63362108916044 1167.1577239632607 205.50587429688312 1315.4487973158248 56.186890985816717 255.95209780707955 324.91155176097527 116.27804583730176 387.02469419781119 13.772668212652208 719.79085808154196 8.2338379267603141 6.7375191710889331 179.44480542698875 740.43303436134011 10.719000174198298 2901.3838256779127 510.01216517854482 33.508760016411543
leaf_count=853 1950 1552 2119 4395 5917 9634 1646 36878 7568 395 8315 603 11656 3881 4976 1255 3675 2755 1347 1552 105 6566 77 40 2888 7551 122 17963 2396 219
internal_value=-3.86425e-05 -0.0137471 0.00483841 -0.00137693 0.0010674 -0.00302783 0.0142203 -0.0276108 -0.0320746 0.0114475 0.00254234 0.00861512 -0.00906093 -0.0145384 0.0139994 -0.00979506 -0.0225484 -0.0165982 0.00544596 0.0173153 0.0060604 0.00614555 -0.00443698 -0.0503173 -0.00344905 -0.00498578 0.0068971 0.00883946 0.00432831 -0.0197941
internal_weight=15144.6 3974.12 11170.5 2100.2 7967.84 4117.12 3202.63 1873.93 1396.92 2685.45 2140.69 960.324 1976.43 477.004 2313.74 1139.87 312.139 809.274 3850.72 1722.98 407.535 3748.17 371.715 20.5102 271.498 827.733 3631.89 2912.1 590.751 80.7392
internal_count=150849 72196 78653 19031 65128 38277 13525 53165 44446 11879 17949 4998 20328 8719 9683 14033 4930 8672 26851 6673 1697 25998 2196 145 4838 9103 24651 18085 3010 614
is_linear=0
shrinkage=0.05


Tree=13
num_leaves=31
num_cat=0
split_feature=18 15 15 25 5 22 22 5 8 18 5 25 15 19 15 23 5 22 16 15 9 25 23 6 25 23 15 13 3 18
split_gain=352.525 246.551 143.35 92.4709 76.1243 59.5818 49.3499 43.1935 42.6165 44.9912 42.0384 36.6979 32.6093 32.5999 31.3481 30.9223 30.798 29.6234 32.9851 28.5373 27.2942 27.0955 26.9178 26.347 26.2933 24.347 24.2239 23.9716 31.2645 22.6087
threshold=3.5000000000000004 0.24448083422150574 0.38168790894220289 3.5000000000000004 -0.21698208859004572 5.0000000000000009 7.5000000000000009 0.91561820715276465 0.52023590668936792 1.5000000000000002 0.62264106586323542 3.5000000000000004 0.15689818134411052 1.5000000000000002 0.43761120996441288 2855.0000000000005 0.15822984763202577 5.0000000000000009 76.500000000000014 0.28106791722764662 0.16583748573187415 4.5000000000000009 1450.0000000000002 1.0779823440977123 4.5000000000000009 2350.0000000000005 0.55916172920781226 0.071706503613118353 1.4066840651319461 6.5000000000000009
decision_type=2 2 2 2 2 2 2 2 2 2 2 2 2 2 2 2 2 2 2 2 2 2 2 2 2 2 2 2 2 2
left_child=2 4 3 5 -2 19 29 11 9 23 15 26 -6 -12 -8 21 -11 18 -9 22 -14 -5 -1 -7 -19 -21 -4 -26 -29 -3
right_child=1 6 7 10 12 8 14 17 -10 16 13 -13 20 -15 -16 -17 -18 24 -20 25 -22 -23 -24 -25 27 -27 -28 28 -30 -31
leaf_value=-0.0052244894251791451 -0.041853183405224939 -0.0031626230837728387 0.013308124466428423 -0.0068708532433614314 -0.028456641076399267 -0.0044864403652351446 0.0036797365296267026 -0.066596209809065332 0.017131460357160289 0.0028918171143443353 -0.024027028659410546 0.0012156608143774007 -0.0096952098067864898 0.0028055799230994735 0.026795392589882429 0.0064060984772723404 0.014109471230242613 0.038440192499746943 0.015276844772021332 0.0055037548790481099 -0.035979891802686736 -0.020162844724918291 -0.048918598542541852 0.017959269056781035 0.024044017004741462 -0.074783650577765745 0.032525833790367505 -0.075057810584828147 0.069547758515325395 -0.020177833388333302
leaf_weight=59.362142875790596 517.22301278496161 739.30774531769566 664.24543115310371 1062.0593627076596 597.84808513696771 1197.6456044916995 695.22696497198194 13.854406431317328 956.96182322688401 1069.9019406214356 120.35796003602445 511.26282954122871 736.70561753271613 1902.2439155806787 185.88405694067478 275.88831796962768 1429.2392453318462 406.91243521496654 109.79012046009302 137.59360571391881 114.05632897047326 600.00638645747676 86.770353906787932 146.75924705155194 49.724217765033245 10.138320034369825 217.72376513853669 15.532914720475675 4.9223643466830245 265.27847907273099
leaf_count=603 21104 7990 2521 11046 18221 9896 3865 88 5092 8404 1047 2475 12656 14298 603 1797 6429 1199 448 926 3518 9333 1219 758 209 95 672 89 9 4239
internal_value=2.89444e-05 -0.012997 0.00456964 0.00189709 -0.0253869 0.00635225 -8.05052e-05 0.0167061 0.00769011 0.00533942 -0.00383347 0.0118739 -0.0195077 0.00120887 0.00855634 -0.00909605 0.00930711 0.0279131 0.00610294 -0.0155028 -0.013219 -0.0116693 -0.0311691 -0.0020362 0.0335655 -6.08605e-06 0.0180522 0.0053013 -0.0402599 -0.00765579
internal_weight=14900.4 3851.53 11048.9 9054.93 1965.83 5094.37 1885.7 1993.97 4800.51 3843.55 3960.56 1393.23 1448.61 2022.6 881.111 1937.95 2499.14 600.736 123.645 293.864 850.762 1662.07 146.132 1344.4 477.092 147.732 881.969 70.1795 20.4553 1004.59
internal_count=150849 72196 78653 70943 55499 33422 16697 7710 30579 25487 37521 5668 34395 15345 4468 22176 14833 2042 536 2843 16174 20379 1822 10654 1506 1021 3193 307 98 12229
is_linear=0
shrinkage=0.05


Tree=14
num_leaves=31
num_cat=0
split_feature=18 22 18 5 26 18 13 10 10 30 2 3 18 10 5 33 6 28 16 34 24 9 0 5 8 5 10 5 8 26
split_gain=314.256 142.598 104.281 74.1762 50.6247 36.4722 34.6526 31.0999 37.5522 30.7924 29.3377 26.9858 26.8947 36.0482 25.5731 25.0831 24.3064 24.1019 23.6008 22.8725 21.5606 22.0996 30.248 21.4008 24.3365 21.3219 26.7499 21.2474 23.2771 20.3107
threshold=3.5000000000000004 7.5000000000000009 6.5000000000000009 0.57005343586599977 449.00000000000006 1.5000000000000002 0.051797149269756405 0.0123632354122608 -0.019626837969168195 167.50000000000003 1.6493009545390007 0.22816285544304246 2.5000000000000004 0.12356005952583982 -0.55364811664122071 1.211756796779959 -1.2774278671480248 4.5000000000000009 318.50000000000006 -0.028621353953124495 1.5000000000000002 -0.22821344194523832 -0.20812184717073426 1.0979181039364454 -0.64934060235854596 -0.096069554587969189 0.41387915138455572 0.59633663996170316 1.5322794999260525 413.00000000000006
decision_type=2 2 2 2 2 2 2 2 2 2 2 2 2 2 2 2 2 2 2 2 2 2 2 2 2 2 2 2 2 2
left_child=3 2 6 5 -4 14 17 8 -5 20 12 -11 -7 16 -1 -15 -14 -2 23 -6 21 22 -9 29 -25 -19 -27 -22 -29 -10
right_child=1 -3 4 7 19 10 -8 9 18 11 -12 -13 13 15 -16 -17 -18 25 -20 -21 27 -23 -24 24 -26 26 -28 28 -30 -31
leaf_value=-0.018864300783013294 -0.014978192897589816 0.00076985594930328513 -0.056464141984213234 -0.0032756969274672118 -0.046079546180939755 0.0071066945724618013 -0.018798386695977901 0.031659213481935171 -0.089454323314218945 0.0096729264382677971 -0.065426540478406292 -0.042827999803511929 -0.036642908322980186 -0.016894209307894221 -0.0024774848144472547 -0.093336625520588606 0.0036140078346333319 -0.018881294900205479 0.025720194028474481 -0.022304188653385001 0.036074423629095749 0.011871237896720675 -0.01243905361162006 -0.091909007455267339 0.028118777299376303 0.016510054971957296 -0.018827178656331919 -0.00093415937611379804 0.030285033981019335 0.0076623112702754216
leaf_weight=268.93885475024581 295.83525641076267 1318.591312256176 195.53773848642595 244.89450062438846 127.7355088358745 2322.0086089135148 909.87788842944428 48.163590395823121 5.441054167225956 41.790571203455329 15.27716765552759 59.075486713089049 39.131425827741623 197.28096761694178 2075.3568003182299 11.3486384563148 896.93342815898359 83.579798658611253 566.92307315394282 486.18127343652304 43.796072636730969 1893.5387719031423 201.87367923557758 4.3124930057674637 203.81983316875994 265.10609746957198 67.112214142456651 1183.013340936508 62.880668602883816 510.46612148080021
leaf_count=4249 6498 12566 9011 1649 5299 14050 17478 214 54 281 242 661 562 2760 19064 233 7822 2270 2307 13439 270 11265 1245 32 834 3835 1800 7958 373 2528
internal_value=1.57965e-05 -0.0124696 -0.0196509 0.00431221 -0.034308 0.00046389 -0.0123342 0.00873458 0.0146749 0.00615304 0.00370989 -0.0210759 0.00401456 -0.00225782 -0.00435739 -0.0210524 0.0019311 -0.00406922 0.0180802 -0.027251 0.006953 0.0100264 -0.0039446 0.012098 0.0256318 0.00369239 0.0093715 0.00184474 0.000641483 0.00663806
internal_weight=14645.8 3749.56 2430.97 10896.3 809.455 5826.28 1621.51 5069.99 1535.86 3534.13 3481.98 100.866 3466.7 1144.69 2344.3 208.63 936.065 711.633 1290.96 613.917 3433.27 2143.58 250.037 724.04 208.132 415.798 332.218 1289.69 1245.89 515.907
internal_count=150849 72196 59630 78653 27749 48982 31881 29671 7404 22267 25669 942 25427 11377 23313 2993 8384 14403 5755 18738 21325 12724 1459 3448 866 7905 5635 8601 8331 2582
is_linear=0
shrinkage=0.05


Tree=15
num_leaves=31
num_cat=0
split_feature=26 25 6 4 0 31 0 34 6 23 0 1 31 25 16 32 16 13 34 13 4 4 4 29 9 31 16 16 9 0
split_gain=112.411 103.234 57.8622 56.5903 46.6999 38.0882 33.105 30.7687 30.6215 29.6821 26.4792 26.4717 30.9553 38.7136 25.4225 25.3367 23.9792 23.6356 24.4221 22.6648 22.1401 23.4737 37.2511 34.0952 23.329 22.869 21.7369 21.0165 32.9319 22.6355
threshold=455.00000000000006 4.5000000000000009 0.39120325793915051 0.0095714153716199516 -1.1966809340589146 -0.067426242217823631 -1.5563935889688254 0.18868598969442862 -0.45071761271267025 1350.0000000000002 1.0316943781863601 1.3802551597585782 0.011511787805349751 5.5000000000000009 188.50000000000003 -0.29338502117960547 390.50000000000006 0.030091754195339854 -0.33262952459708733 0.018878214053652653 -1.1895838439573019 -0.024761733655632747 -0.62094373635324207 4.5000000000000009 -1.8942056824325972 0.018834782783001405 762.50000000000011 194.50000000000003 -0.14558713549618882 0.7878980541510946
decision_type=2 2 2 2 2 2 2 2 2 2 2 2 2 2 2 2 2 2 2 2 2 2 2 2 2 2 2 2 2 2
left_child=4 2 6 10 -1 -3 -2 16 19 -8 20 12 -7 -14 17 -9 -5 -10 -19 -6 24 22 -22 -24 -4 -25 -18 -11 -29 -30
right_child=1 5 3 7 8 11 9 15 14 27 -12 -13 13 -15 -16 -17 26 18 -20 -21 21 -23 23 25 -26 -27 -28 28 29 -31
leaf_value=-0.033004378364298953 -0.024198865568905135 -0.018420082199592246 -0.058419695857957733 0.0030375495155415787 -0.077483686024776913 0.0028426539706217862 0.0088188717245618452 -0.096789061144996566 -0.025557502743604094 -0.0047304659043834506 0.026627915907536673 0.015647863521347557 -0.0053970881001278266 -0.031700619628243422 -0.0014522812973950393 0.015246267805130432 -0.017742218696930344 -0.02187320064293103 -0.0012645367978995599 -0.017185677214655342 0.014078594451877473 0.01585353406096519 -0.042468441516810555 -0.01976981019405509 0.033942802638574701 0.015842853736225432 0.020550900068558448 -0.013247812300845714 0.0022722988834843233 0.014678916978672674
leaf_weight=177.80004341562744 122.60575615777634 605.22026215889491 7.1538826487958422 779.10288642020896 16.24625195004046 556.68421873962507 1260.0517975916155 5.106651426292955 227.79646507790312 1481.4083088497864 415.97895311936736 161.30627359170467 479.25343566038646 197.54718191071879 1863.4773939566221 427.57592725614086 294.62840836355463 199.90249362913892 511.81334629561752 382.46705827757251 304.65663266275078 773.72824076190591 67.072543473914266 84.359726180322468 154.18368338281289 96.814167977776378 42.391380500048399 293.38656007009558 2102.0751810274087 445.56798333814368
leaf_count=4738 2868 10876 98 5780 662 5621 11622 46 5034 17233 1818 1434 6174 4354 18568 2165 2226 3302 5681 6614 1996 4784 579 770 865 638 257 3155 18025 2635
internal_value=-7.36303e-05 0.0023461 0.00459366 0.00970247 -0.00806269 -0.00794525 0.00150179 0.00260527 -0.0066776 0.00206624 0.0154758 -0.00340007 -0.00589102 -0.0130747 -0.00483338 0.013924 -0.00178262 -0.0115396 -0.00705298 -0.0196426 0.0123581 0.0102312 0.00236336 -0.012014 0.0298473 -0.000739417 -0.0129256 9.77497e-05 0.00261534 0.00444214
internal_weight=14537.4 11157.9 9157.85 3452.75 3379.5 2000.01 5705.1 1548.81 3201.7 5582.49 1903.95 1394.79 1233.48 676.801 2802.99 432.683 1116.12 939.512 711.716 398.713 1487.97 1326.63 552.903 248.246 161.338 181.174 337.02 4322.44 2841.03 2547.64
internal_count=150618 106019 77560 22022 44599 28459 55538 10474 39861 52670 11548 17583 16149 10528 32585 2211 8263 14017 8983 7276 9730 8767 3983 1987 963 1408 2483 41048 23815 20660
is_linear=0
shrinkage=0.05


Tree=16
num_leaves=31
num_cat=0
split_feature=15 18 15 22 25 22 15 18 22 10 25 15 13 15 31 6 0 6 8 31 8 19 26 34 34 10 26 30 19 4
split_gain=402.277 229.009 119.069 97.5883 60.5199 43.3031 39.6167 37.9712 40.2512 34.139 33.3868 30.7655 30.717 30.1969 28.8956 28.7683 27.7513 24.5839 23.7826 22.5977 28.164 22.5243 22.4689 22.4541 21.9389 20.9242 20.5992 20.5388 20.5134 19.8145
threshold=0.2771172667208423 4.5000000000000009 0.52866129590130873 7.5000000000000009 3.5000000000000004 5.0000000000000009 0.16794382462321392 2.5000000000000004 5.0000000000000009 -0.64272904774947215 3.5000000000000004 0.14643948371909288 0.16470675722572012 0.093589473406917575 -0.055663033052810243 -0.0076604023041109493 0.63051298328359262 1.1762311571996913 -0.5739869336806408 -0.25202996930134225 1.2285758975029155 4.5000000000000009 421.00000000000006 -0.54784792221672796 -0.11152547129601204 0.5037389852528128 455.00000000000006 153.50000000000003 8.5000000000000018 -0.71766286657454958
decision_type=2 2 2 2 2 2 2 2 2 2 2 2 2 2 2 2 2 2 2 2 2 2 2 2 2 2 2 2 2 2
left_child=1 4 7 6 5 -1 -3 8 12 -7 25 16 19 -5 -9 21 -6 24 -16 20 -2 -12 -11 -19 -13 -10 -8 -18 -27 -23
right_child=2 3 -4 13 11 9 26 14 10 22 15 17 -14 -15 18 -17 27 23 -20 -21 -22 29 -24 -25 -26 28 -28 -29 -30 -31
leaf_value=-0.026307093608156147 -0.050649884308111549 -0.042552136882667173 0.025963969953842515 -0.051432935230235947 -0.029972339213125788 -0.030148311648474688 -0.038517384012953126 -0.015796847283451095 0.013320544026843155 -0.018094907567507906 -0.039398505227857233 -0.017043890098661293 0.027811285095136581 -0.0051053442990694952 -0.032366396000672377 0.0083676054128517061 -0.0059216277569468642 -0.0079882691452986473 0.0040005739794624863 -0.0027322000777485313 0.024308461080774196 -0.05652614837769962 0.0039157374858333613 0.019517820919003309 -0.00459123682342221 0.029267812072498425 -0.01756314322964565 -0.067147866861415287 -0.048742179397272017 0.0052666193064492776
leaf_weight=137.38870016857982 53.82440968696028 527.68595858477056 907.01369416434318 37.42547604534775 286.89389127912 79.010750082554296 164.40952967759222 236.04168533743359 1600.3944289339706 120.34933592076413 55.86473704688251 494.70041906833649 73.085455604828894 584.70985695300624 46.298298395704478 1107.8739047362469 310.10724778473377 133.10834072064608 1550.2066665235907 459.51361081469804 16.334131898358464 14.578828040510414 3169.1797104692087 167.63892671000212 1240.9205223848112 318.25546267442405 409.19860315346159 14.330434907693414 8.6563113965094072 117.7980009643361
leaf_count=1802 620 24559 3138 1293 5568 1425 5588 2940 7128 1576 503 7504 345 7965 619 6125 3855 1654 11207 3092 127 129 24842 1254 12880 1079 10696 334 48 723
internal_value=5.7273e-06 -0.00761272 0.00914574 -0.0237223 -0.00310097 0.00120813 -0.0326648 0.00645002 0.00928456 0.00233036 0.0115022 -0.00880682 -0.00257487 -0.00789225 0.00053177 0.00529704 -0.0186437 -0.00585372 0.00294594 -0.00676763 -0.0331983 -0.0127744 0.00311047 0.00734384 -0.00814059 0.0156752 -0.0235691 -0.00862599 0.0272022 -0.0015387
internal_weight=14442.8 7877.06 6565.74 1723.43 6153.63 3505.93 1101.29 5658.73 3826.18 3368.54 3223.42 2647.7 602.758 622.135 1832.55 1296.12 611.332 2036.37 1596.5 529.672 70.1585 188.242 3289.53 300.747 1735.62 1927.31 573.608 324.438 326.912 132.377
internal_count=150618 112795 37823 50101 62694 29645 40843 34685 19919 27843 15735 33049 4184 9258 14766 7480 9757 23292 11826 3839 747 1355 26418 2908 20384 8255 16284 4189 1127 852
is_linear=0
shrinkage=0.05


Tree=17
num_leaves=31
num_cat=0
split_feature=18 22 18 25 22 5 10 26 25 2 17 26 5 26 25 5 10 33 31 26 2 16 9 33 16 26 32 29 2 10
split_gain=234.432 144.401 87.2469 76.6158 48.6455 56.3819 48.2385 42.4674 34.9472 31.945 29.4664 28.5665 28.4255 25.3177 25.8808 31.7107 24.2553 23.746 24.4572 23.1258 22.5651 26.7356 23.7909 22.1854 25.2273 21.6921 21.6431 30.6853 20.9667 20.5585
threshold=3.5000000000000004 7.5000000000000009 6.5000000000000009 3.5000000000000004 5.0000000000000009 0.76230613605435915 -0.15597332834017749 449.00000000000006 5.5000000000000009 -0.0085454131831740488 1.0000000180025095e-35 437.00000000000006 -0.69605580472135686 417.00000000000006 3.5000000000000004 0.31910594658186836 1.0898840424789216 -1.3719353442226219 0.90489767111761765 479.00000000000006 1.2115205068195014 414.50000000000006 0.74449728937256965 1.0000000180025095e-35 216.50000000000003 541.00000000000011 -0.0095248520712892994 12.500000000000002 1.5523319969651537 -0.026467580503327547
decision_type=2 2 2 2 2 2 2 2 2 2 2 2 2 2 2 2 2 2 2 2 2 2 2 2 2 2 2 2 2 2
left_child=3 2 9 4 -1 12 -5 -4 11 -2 17 -8 -6 -11 15 -15 26 -10 28 -14 -18 22 -22 24 -9 -7 -13 -28 -19 -21
right_child=1 -3 7 6 5 25 8 23 10 13 -12 16 19 14 -16 -17 20 18 -20 29 21 -23 -24 -25 -26 -27 27 -29 -30 -31
leaf_value=-0.009235306500191616 -0.022800342475349525 0.0021108098767035322 -0.054341440499509265 -0.022965840942246685 -0.007860733111930706 0.01717639031234796 -0.017659996679846485 -0.034252938204176894 -0.07370296135218625 -0.055912293850229083 -0.022409709821086282 -0.0036601052943258114 0.0035206565374299352 -0.0085277503696402131 -0.016453055247399297 0.013807680453596267 0.027117135156288663 -0.00035971171061689608 -0.09265939256770378 -0.002580391922033055 0.065900401531491612 -0.039926703180627139 -0.0013057622711465516 -0.043169240919234325 -0.0096185769905083752 -0.079866594734647439 0.007293730066572148 -0.010835146982403378 0.045113295019719314 0.013752270444406821
leaf_weight=409.08124051941559 466.24196491739713 1326.7581795761362 174.16901158553082 240.43837027112022 359.13136724382639 1526.5087196584791 177.14564953092486 184.17090751603246 10.821651653386651 25.961232832167298 293.15638293907978 1194.7248243126087 2183.8544421794359 420.24064533924684 375.56921342166606 255.54538599262014 187.08452779427171 297.34771996596828 6.7473385483026496 224.32336015300825 17.394785657525063 32.043225193396211 54.19778717122972 142.42595107713714 238.52601808961481 5.780357861891388 1728.9727698354982 269.84454164188355 27.711594480089843 1365.5045157046989
leaf_count=3463 11709 12571 8992 3685 4120 6372 1812 7031 198 866 4735 12050 14862 7196 9480 2471 958 2585 142 1812 58 260 381 5866 5733 47 11846 2243 172 6902
internal_value=-1.32613e-07 -0.0110072 -0.0186312 0.00374392 0.00741594 0.00861834 -0.00117154 -0.0327553 4.79093e-05 -0.0118664 -0.0107727 0.00192686 0.00558107 -0.00713442 -0.00592995 -8.17097e-05 0.00292269 -0.000816016 0.00156114 0.00686029 0.0167493 -0.00196676 0.0150233 -0.0261025 -0.0203519 0.0168103 0.00166399 0.00484629 0.0035169 0.0114477
internal_weight=14221.4 3609.61 2282.85 10611.8 6074.18 5665.1 4537.63 739.292 4297.19 1543.56 635.785 3661.41 4132.81 1077.32 1051.36 675.786 3484.26 342.628 331.807 3773.68 290.72 103.636 71.5926 565.123 422.697 1532.29 3193.54 1998.82 325.059 1589.83
internal_count=150618 71915 59344 78703 37578 34115 41125 27622 37440 31722 7832 29608 27696 20013 19147 9667 27796 3097 2899 23576 1657 699 439 18630 12764 6419 26139 14089 2757 8714
is_linear=0
shrinkage=0.05


end of trees

feature_importances:
last3f_dev_last1=58
jockey_place_rate_surface_distance=57
finish_pos_best_last5=53
age=41
horse_weight=37
race_class_encoded=29
last3f_dev_last2=26
time_dev_last1=21
jockey_rides_surface_distance=20
last3f_dev_mean_5=19
days_since_last_race=19
last3f_dev_last4=16
time_dev_trend_3races=14
distance=12
running_style_mode_win_rate=11
time_dev_last2=9
last3f_dev_last3=9
last3f_dev_last5=9
racecourse_encoded=9
last3f_dev_trend_3races=9
time_dev_last5=8
time_dev_improvement=8
last3f_dev_improvement=8
is_jockey_change=7
time_dev_last4=6
horse_number=6
time_dev_last3=5
surface_encoded=5
bracket_number=3
running_style_last1=1
running_style_last1_win_rate=1
sex=1
weight_change=1
is_consecutive_race=1
rest_period_category=1

parameters:
[boosting: gbdt]
[objective: lambdarank]
[metric: ndcg]
[tree_learner: serial]
[device_type: cpu]
[data_sample_strategy: bagging]
[data: ]
[valid: ]
[num_iterations: 500]
[learning_rate: 0.05]
[num_leaves: 31]
[num_threads: 0]
[seed: 42]
[deterministic: 0]
[force_col_wise: 0]
[force_row_wise: 0]
[histogram_pool_size: -1]
[max_depth: -1]
[min_data_in_leaf: 20]
[min_sum_hessian_in_leaf: 0.001]
[bagging_fraction: 0.8]
[pos_bagging_fraction: 1]
[neg_bagging_fraction: 1]
[bagging_freq: 5]
[bagging_seed: 400]
[bagging_by_query: 0]
[feature_fraction: 0.8]
[feature_fraction_bynode: 1]
[feature_fraction_seed: 30056]
[extra_trees: 0]
[extra_seed: 12879]
[early_stopping_round: 0]
[early_stopping_min_delta: 0]
[first_metric_only: 0]
[max_delta_step: 0]
[lambda_l1: 0]
[lambda_l2: 0]
[linear_lambda: 0]
[min_gain_to_split: 0]
[drop_rate: 0.1]
[max_drop: 50]
[skip_drop: 0.5]
[xgboost_dart_mode: 0]
[uniform_drop: 0]
[drop_seed: 17869]
[top_rate: 0.2]
[other_rate: 0.1]
[min_data_per_group: 100]
[max_cat_threshold: 32]
[cat_l2: 10]
[cat_smooth: 10]
[max_cat_to_onehot: 4]
[top_k: 20]
[monotone_constraints: ]
[monotone_constraints_method: basic]
[monotone_penalty: 0]
[feature_contri: ]
[forcedsplits_filename: ]
[refit_decay_rate: 0.9]
[cegb_tradeoff: 1]
[cegb_penalty_split: 0]
[cegb_penalty_feature_lazy: ]
[cegb_penalty_feature_coupled: ]
[path_smooth: 0]
[interaction_constraints: ]
[verbosity: -1]
[saved_feature_importance_type: 0]
[use_quantized_grad: 0]
[num_grad_quant_bins: 4]
[quant_train_renew_leaf: 0]
[stochastic_rounding: 1]
[linear_tree: 0]
[max_bin: 255]
[max_bin_by_feature: ]
[min_data_in_bin: 3]
[bin_construct_sample_cnt: 200000]
[data_random_seed: 175]
[is_enable_sparse: 1]
[enable_bundle: 1]
[use_missing: 1]
[zero_as_missing: 0]
[feature_pre_filter: 1]
[pre_partition: 0]
[two_round: 0]
[header: 0]
[label_column: ]
[weight_column: ]
[group_column: ]
[ignore_column: ]
[categorical_feature: ]
[forcedbins_filename: ]
[precise_float_parser: 0]
[parser_config_file: ]
[objective_seed: 16083]
[num_class: 1]
[is_unbalance: 0]
[scale_pos_weight: 1]
[sigmoid: 1]
[boost_from_average: 1]
[reg_sqrt: 0]
[alpha: 0.9]
[fair_c: 1]
[poisson_max_delta_step: 0.7]
[tweedie_variance_power: 1.5]
[lambdarank_truncation_level: 30]
[lambdarank_norm: 1]
[label_gain: ]
[lambdarank_position_bias_regularization: 0]
[eval_at: 1,3,5]
[multi_error_top_k: 1]
[auc_mu_weights: ]
[num_machines: 1]
[local_listen_port: 12400]
[time_out: 120]
[machine_list_filename: ]
[machines: ]
[gpu_platform_id: -1]
[gpu_device_id: -1]
[gpu_use_dp: 0]
[num_gpu: 1]

end of parameters

pandas_categorical:[]
